4.44314575
2.77394085
5.16044808
3.98041821
2.55536774
3.48797780
2.33192126
2.30334455
3.10451625
2.96954701
2.34284544
1.02681355
3.87859515
3.76458606
0.87081273
3.13202724
3.22459527
2.07409974
3.28018109
4.58955028
3.30212198
1.43530170
3.53591178
4.00154154
2.14888319
2.48719335
2.97892263
3.46291086
3.87013554
2.40641309
3.08040030
2.52062075
3.63753558
3.84782652
5.80813577
2.85084608
2.88424661
3.54713653
3.30248457
2.66969736
2.16626154
2.85749909
2.05444899
1.79584157
2.44560244
1.14886059
2.35028024
6.50746128
2.15999447
5.49617912
4.12887077
4.86181936
3.57349647
1.71817076
4.47157480
6.28974762
2.44038021
2.55199920
2.75301673
1.55808656
0.82342638
3.94472501
3.54481759
2.73987932
3.47277803
1.88383424
3.93324789
7.48780685
2.80697952
2.82653576
1.59252775
2.62888657
1.89379347
3.48270294
4.36507751
2.37234475
4.29990676
1.51105484
3.97760362
4.01670797
2.75981741
3.91237248
3.35755153
3.09650003
2.69792582
0.87599910
2.17751064
2.71602983
2.21042538
3.85343685
3.76262926
2.68351980
2.48193051
2.36905821
2.71503639
0.85980046
2.47339802
3.45737918
3.46383354
2.93188499
2.78303928
5.06788695
2.53259577
3.17600910
2.57988538
2.55543913
3.42336011
2.08295202
2.87931893
3.47895170
1.64574638
4.87660930
2.97071259
2.80309023
1.41582693
1.45293833
3.53313884
3.47803931
3.72327893
3.06601569
4.37998966
2.65735893
4.44539289
2.31701770
2.91598876
3.50334811
4.73373937
4.69712818
2.36913885
0.93864134
3.72818743
2.90462569
1.85423714
2.52348641
1.62748545
1.78231753
4.23482122
2.34150877
3.03220904
3.28591417
3.58820261
1.60283259
1.07631084
4.00163809
3.10938373
3.11220012
1.43616392
2.16992379
2.14516431
3.21159848
3.13046287
3.76970984
2.89745631
3.95950374
3.26823969
2.35753387
3.02272048
1.84315926
2.81021687
2.95065588
3.41632471
4.37662303
6.91610319
3.88054073
4.57940143
4.99472675
4.54650832
2.43786042
2.62776417
2.17650780
4.25699111
4.99968173
2.90697188
3.63721342
1.67956297
2.02482249
3.47356757
3.64915217
3.21613089
2.28136061
3.20722160
2.44361945
7.05153746
3.30757006
1.94857891
2.64875122
2.32860846
2.10570483
3.35496740
2.25314000
3.22250859
1.52614178
2.29618892
2.40671542
3.69701159
2.61502231
2.30109344
2.78462599
3.29455699
4.42365856
3.63350314
2.65440342
3.30199252
1.88717671
3.01597654
1.28268926
7.39182967
1.56885699
3.90414968
2.52878487
2.78259996
1.90143659
3.94762529
2.60927157
3.36511149
3.04963176
4.77248096
1.40088912
3.07403968
2.38105187
1.62881945
3.05111260
3.02100645
3.62694047
3.77305289
3.90277499
2.75408548
2.46066893
3.87007216
2.16868684
1.20392713
1.95961687
3.77458747
1.72859064
3.30982173
3.58535003
3.61014027
1.64541926
3.30481804
5.31719148
2.17982293
3.57674611
2.49839237
3.99905832
2.17579183
1.82602370
5.87102007
2.34167883
1.84953391
5.89009113
2.58802960
1.16714546
2.13378602
3.05449369
3.63635828
2.70256721
2.81065429
5.22438261
4.75331691
3.67465091
5.50686302
1.22402492
2.19672971
1.22531365
2.64547117
1.87835961
2.23185363
5.95622414
3.94946071
3.99379126
1.62765061
3.19920086
2.00487971
2.85909242
3.32390838
3.34556805
2.84580380
4.86254653
2.83153469
2.57046790
1.49282753
3.21589704
2.96772083
2.61654782
6.33737572
3.67320749
4.55086932
2.79360664
2.30932640
1.46380723
2.24307004
2.71703007
2.49512430
4.46122989
3.22111741
2.61462775
3.31608840
4.11561213
1.33819818
1.91154414
1.45172525
1.40083766
3.31318403
2.04233682
2.67857643
2.97584965
1.86919161
3.33347078
3.06356538
2.25689523
3.13827371
1.94984755
2.41512502
2.93439360
2.61790773
3.36631233
1.95392868
3.22183332
4.74860463
3.24890436
4.85942695
3.17907545
1.03616628
1.60799250
2.68978239
1.72875997
2.71769751
2.32402408
3.23598121
3.31002831
4.35127287
3.98172948
2.66388101
2.32960493
4.72723343
0.96373100
3.17510306
3.67460419
2.01878879
4.19143231
2.01763859
2.73061211
2.12299553
3.65273358
2.62570852
2.91993406
5.36263413
3.82225833
2.88144624
2.49396914
3.85726025
5.58629475
6.30441500
4.14527881
2.66576888
3.80161549
1.57354226
2.55433904
2.96809676
4.78481904
2.99917903
2.53525757
2.38422670
3.59958304
4.07075388
2.89113894
4.58275445
2.40651723
4.14460599
3.25207504
3.98746660
4.48082516
2.20631804
3.14058844
4.97599295
2.70345485
3.08549132
3.29969664
2.88833386
3.17051660
3.36640560
5.55841182
2.30885435
1.63070832
3.57423755
3.50440043
2.08588124
2.59361140
2.71692532
1.05024762
3.08814429
4.32915875
2.64980976
3.10186841
4.13415780
1.56269654
3.17873954
3.24225245
2.43072222
2.59976937
2.97583011
3.37472446
2.37439929
1.59554205
1.86436155
1.87298999
4.56632709
4.89232592
2.80698436
2.81442185
2.46531033
3.26960068
1.28825899
4.56616083
1.76600873
3.97620049
3.28714206
2.44288498
3.48172024
3.29542191
2.84028348
3.98579860
2.93259702
2.94304615
3.19130745
3.78118530
3.40287218
3.31121465
2.39279192
1.05489505
4.64252053
1.97504829
2.26034165
3.61566905
3.22916866
4.09402353
1.59722251
4.10884887
2.44972040
3.04105178
3.03439366
3.07882055
4.08418600
2.14079028
4.00740933
3.27486157
1.31309660
1.75348017
2.12526178
3.08955732
2.92389684
3.16084844
5.39444687
3.80135687
3.32511138
3.50025890
3.56842803
1.21464706
1.58532259
2.07982715
3.40517231
3.70325790
3.02915295
3.59302360
2.70305522
3.46899530
3.97250846
2.07928634
2.51189255
2.52028047
2.62927152
6.77654918
3.32257485
3.46447631
3.71144220
2.04642503
2.62409665
2.88507356
3.36180781
2.25760999
1.93901357
3.77608180
3.69973544
3.00023391
1.42750931
4.71248656
1.62881945
2.34212634
4.93957145
2.27547018
5.48403169
4.06346588
2.90860507
3.22078617
2.92944121
1.50640490
1.44494291
4.51993496
4.86348425
2.52988946
2.65864841
3.63109339
2.50529087
2.42295439
4.35048116
2.95818954
2.56026358
2.08312466
3.55067949
2.71171465
1.35638540
2.87638758
2.42672905
4.10016664
3.56410101
2.16717517
1.20182438
1.67701912
2.81023702
2.76648522
2.60179466
2.74763505
1.40158536
3.62743106
3.88860014
1.73856094
3.40445857
4.11475732
3.34279414
1.06766219
5.59447828
2.79257850
1.49489740
2.58799058
3.41995964
4.04238477
2.73744213
4.03012996
3.43871764
6.04200087
2.11804281
2.03226799
2.86905040
3.52914269
2.36606873
2.31581892
1.30394505
4.47378715
5.37679380
3.01647252
2.90959652
1.74047150
4.36006953
3.69231250
4.66741132
2.96213940
1.80822768
4.09323375
2.74890760
3.52741459
1.38307629
4.97090186
2.57376579
2.38579404
2.70438834
4.52841017
2.83049327
3.45204409
1.89354459
5.06489524
3.33114368
3.14273005
4.59403687
2.27026866
2.26531693
2.14060572
3.46541972
3.33267858
2.85880533
2.17267558
4.28454377
2.67870235
1.37433752
2.14490013
3.28594488
1.98691047
4.60105059
1.99736484
3.50351506
3.78337778
1.67616429
4.87099373
2.94092905
2.98878370
1.69883158
1.17655112
2.49063827
3.79392934
2.26791166
2.89707216
1.72623649
2.95485294
4.24908931
3.72457875
4.42214979
3.44612944
2.58620337
3.16986432
1.74637214
4.00254806
2.17429062
2.22356107
2.75610908
2.49680855
3.13204404
2.95347065
4.16341437
2.59648868
2.49830400
3.61161346
3.35702476
1.57426427
2.96435077
2.45819182
2.11517639
4.68735175
2.54824778
4.33194441
1.67241303
1.48720052
3.91388264
4.17441789
3.88854220
3.20812217
3.16445193
1.55591860
2.35949904
2.87955697
1.89379347
2.21432952
3.70553050
2.72309966
1.98564510
3.02651468
3.92299381
4.00109995
3.15785987
1.27234749
2.46909063
4.35746435
0.59964170
3.12355887
0.88729180
4.48453816
4.17101921
5.46967722
1.50756001
2.41956374
3.41586377
5.17106781
1.55113955
3.75736760
5.57381711
2.89988109
3.64989906
4.39058998
3.69284051
4.25269054
3.33782029
3.15990242
2.18038279
2.89415628
4.11332181
4.41801897
3.27459982
3.61691115
3.61951756
2.72652208
2.81131425
3.73129657
3.99398078
2.84567722
2.60761301
2.18388711
3.99865921
2.39707921
5.06505800
2.72306607
1.74910697
3.39826547
2.21997945
1.28003527
2.63578203
2.63298459
2.10892217
4.55133069
2.58718180
4.86923381
3.82601300
3.29619109
4.48160749
2.66653284
2.73487493
5.30746730
2.23131636
3.41510145
4.15475393
2.00314759
3.42722391
1.77872915
3.78890788
3.54446026
3.96302709
1.81962830
5.51363226
2.30793369
3.67470931
3.49592075
3.05297589
1.77525191
3.15580225
2.69812294
3.01685840
3.36538638
3.05205294
3.63908105
3.97448304
3.64559103
1.55445673
3.51901085
2.03477520
3.94232306
3.34403951
2.28036418
4.13919296
3.36187992
2.86107107
3.40589633
3.50204546
5.42373258
3.20297149
3.72304519
2.63447969
1.58559490
4.57461444
2.20972462
2.72127669
4.72061919
2.27868998
5.10972674
2.07065938
5.04394524
3.11669141
2.91450545
3.05953449
4.17293674
2.59393646
4.35638591
5.78476518
3.80026104
2.40129664
2.81002872
1.97745642
1.81098588
2.71078342
2.98156887
3.16110362
2.89808975
3.10049747
3.19923022
2.22801130
1.84953391
1.97273264
3.58113678
4.32214402
4.24392246
2.81135499
2.56286086
3.93568360
1.87471322
2.66268000
3.17753708
3.68207900
2.52511856
1.92287360
3.26408234
2.63663077
3.97669407
3.19625265
2.45701958
3.32086455
3.65794321
4.02591996
2.50542452
1.45777165
3.27088445
3.65134791
4.80852363
1.23870090
1.85749264
6.35919968
3.26234630
3.72304136
2.84639942
3.32784850
4.38748635
2.02864441
2.79485207
1.85487115
2.80519671
3.44063714
3.20148012
2.44299263
4.62529200
3.25292009
3.04290633
4.08178347
4.23272384
6.22872387
3.08822605
1.61968322
1.25318162
3.32463741
2.37590225
7.12673897
2.94980956
3.78288922
3.14377584
2.37014623
2.54687119